--------------------------------------------------------------
The parameter setting:
degree: 4; eps1: 0.1; eps2: 0.1
--------------------------------------------------------------
The coefficients of function phy is:
    0.0040
         0
         0
   -0.3990
         0
   -0.3990
         0
         0
         0
         0
   -0.1444
         0
   -0.2889
         0
   -0.1444

--------------------------------------------------------------
The function phy is:
2308398667855105/576460752303423488 - (7187725039200175*x1^2)/18014398509481984 - (449232814950011*x2^2)/1125899906842624 - (13*x1^4)/90 - (13*x2^4)/90 - (13*x1^2*x2^2)/45
 
--------------------------------------------------------------
The coefficients of lambda is:
   -0.5040
   -0.5000
   -0.5000
   -0.2111
   -0.5040
   -0.3556
   -0.5000
   -0.3556
   -0.3778
   -0.5000
   -0.4556
   -0.3556
   -0.5000
   -0.3556
   -0.4556

--------------------------------------------------------------
The function lambda is:
- (41*x1^4)/90 - (16*x1^3*x2)/45 - x1^3/2 - (x1^2*x2^2)/2 - (16*x1^2*x2)/45 - (19*x1^2)/90 - (16*x1*x2^3)/45 - (17*x1*x2^2)/45 - (1134917089138933*x1*x2)/2251799813685248 - x1/2 - (41*x2^4)/90 - x2^3/2 - (16*x2^2)/45 - x2/2 - 4539668356555733/9007199254740992
 
--------------------------------------------------------------
The w is:
   -0.5000
   -0.4960
   -0.4960
   -0.0970
   -0.4960
   -0.0970
   -0.4960
   -0.4960
   -0.4960
   -0.4960
   -0.2929
   -0.4960
   -0.2071
   -0.4960
   -0.3516
   -0.4960
   -0.5000
   -0.5000
   -0.1010
   -0.5000
   -0.1010
    1.0000
   -0.5000
   -0.5000
   -0.5000
   -0.2101
    0.8637
    1.0000
   -0.5000
    1.0000
   -0.4960
   -0.5000
   -0.5000
   -0.1010
   -0.5000
   -0.1010
   -0.5000
   -0.5000
   -0.5000
   -0.5000
    1.0000
    0.6202
    1.0000
    0.9859
   -0.3556
   -0.2071
   -0.2111
   -0.2111
    1.0000
   -0.2111
   -0.3899
   -0.2111
   -0.2111
   -0.2111
   -0.2111
    0.2454
    1.0000
   -0.5000
   -0.2111
   -0.3556
   -0.5000
   -0.4960
   -0.4960
   -0.0970
   -0.4960
   -0.0970
   -0.4960
   -0.4960
   -0.4960
   -0.4960
    0.1566
    0.5798
    1.0000
   -0.1000
    1.0000
   -0.3516
   -0.3556
   -0.3556
   -0.2454
   -0.3556
    1.0000
   -0.3556
   -0.3556
   -0.3556
   -0.0657
   -0.5000
   -0.3556
   -0.3556
   -0.3556
   -0.5000
   -0.3899
   -0.5000
   -0.5000
   -0.1010
   -0.5000
   -0.1010
   -0.5000
   -0.5000
    1.0000
   -0.5000
    0.0556
    0.9111
    1.0000
    1.0000
    1.0000
   -0.3516
   -0.3556
   -0.3556
   -0.2454
   -0.3556
   -0.2454
   -0.3556
   -0.3556
   -0.3556
   -0.3556
   -0.5000
   -0.3556
    1.0000
   -0.3556
   -0.5000
   -0.3738
   -0.3778
   -0.3778
   -0.2232
    0.7869
   -0.2232
   -0.3778
   -0.3778
   -0.3778
   -0.3778
   -0.4778
   -0.3778
   -0.3333
    1.0000
   -0.4444
   -0.4960
   -0.5000
   -0.5000
   -0.1010
   -0.5000
   -0.1010
   -0.5000
   -0.5000
   -0.5000
   -0.5000
   -0.3556
   -0.5000
   -0.2111
   -0.5000
    0.0556
   -0.4516
   -0.4556
   -0.4556
   -0.1454
   -0.4556
   -0.1454
   -0.4556
   -0.4556
   -0.4556
   -0.4556
   -0.4000
   -0.4556
   -0.2556
   -0.4556
   -0.4000
   -0.3516
   -0.3556
   -0.3556
   -0.2454
         0
    0.4000
   -0.3556
   -0.3556
   -0.3556
   -0.3556
    0.0556
   -0.3556
   -0.3556
   -0.2444
   -0.5000
   -0.4960
   -0.5000
   -0.5000
   -0.1010
   -0.5000
    1.0000
   -0.5000
   -0.5000
   -0.5000
    0.1222
    0.2111
    0.9111
    1.0000
    0.9111
    0.2111
   -0.3516
   -0.3556
   -0.3556
    1.0000
   -0.3556
    0.2889
   -0.3556
   -0.3556
   -0.3556
    1.0000
   -0.5000
   -0.3556
   -0.3556
   -0.3556
    0.0556
   -0.4516
   -0.4556
   -0.4556
    1.0000
   -0.4556
    0.6000
    1.0000
   -0.4556
   -0.4556
   -0.4556
   -0.4000
   -0.4556
   -0.2556
   -0.4556
   -0.4000

--------------------------------------------------------------
The rou is:
   -0.4000

--------------------------------------------------------------
The computation time is:
    0.1049